5 28
24 23 22 21 20 19
2 8 9 10 11 12 17 23 27
25 21 15 10 4 5 6 12 18 28
3 9 14 15 16 17 18 13 7
1 5 11 16 22 26
1 5 1.0
2 8 1.0
3 9 1.0
4 10 1.0
4 5 1.0
5 11 1.0
5 6 1.0
6 12 1.0
7 13 1.0
8 9 1.0
9 10 1.0
9 14 1.0
10 15 1.0
10 11 1.0
11 16 1.0
11 12 1.0
12 17 1.0
12 18 1.0
13 18 1.0
14 15 1.0
15 21 1.0
15 16 1.0
16 22 1.0
16 17 1.0
17 23 1.0
17 18 1.0
18 28 1.0
19 20 1.0
20 21 1.0
21 25 1.0
21 22 1.0
22 26 1.0
22 23 1.0
23 27 1.0
23 24 1.0
-1
20 27
1 9